499
1
99999999999999
99999999999998
99999999999997
99999999999996
99999999999995
99999999999994
99999999999993
99999999999992
99999999999991
99999999999990
99999999999989
99999999999988
99999999999987
99999999999986
99999999999985
99999999999984
99999999999983
99999999999982
99999999999981
99999999999980
99999999999979
99999999999978
99999999999977
99999999999976
99999999999975
99999999999974
99999999999973
99999999999972
99999999999971
99999999999970
99999999999969
99999999999968
99999999999967
99999999999966
99999999999965
99999999999964
99999999999963
99999999999962
99999999999961
99999999999960
99999999999959
99999999999958
99999999999957
99999999999956
99999999999955
99999999999954
99999999999953
99999999999952
99999999999951
99999999999950
99999999999949
99999999999948
99999999999947
99999999999946
99999999999945
99999999999944
99999999999943
99999999999942
99999999999941
99999999999940
99999999999939
99999999999938
99999999999937
99999999999936
99999999999935
99999999999934
99999999999933
99999999999932
99999999999931
99999999999930
99999999999929
99999999999928
99999999999927
99999999999926
99999999999925
99999999999924
99999999999923
99999999999922
99999999999921
99999999999920
99999999999919
99999999999918
99999999999917
99999999999916
99999999999915
99999999999914
99999999999913
99999999999912
99999999999911
99999999999910
99999999999909
99999999999908
99999999999907
99999999999906
99999999999905
99999999999904
99999999999903
99999999999902
99999999999901
99999999999900
99999999999899
99999999999898
99999999999897
99999999999896
99999999999895
99999999999894
99999999999893
99999999999892
99999999999891
99999999999890
99999999999889
99999999999888
99999999999887
99999999999886
99999999999885
99999999999884
99999999999883
99999999999882
99999999999881
99999999999880
99999999999879
99999999999878
99999999999877
99999999999876
99999999999875
99999999999874
99999999999873
99999999999872
99999999999871
99999999999870
99999999999869
99999999999868
99999999999867
99999999999866
99999999999865
99999999999864
99999999999863
99999999999862
99999999999861
99999999999860
99999999999859
99999999999858
99999999999857
99999999999856
99999999999855
99999999999854
99999999999853
99999999999852
99999999999851
99999999999850
99999999999849
99999999999848
99999999999847
99999999999846
99999999999845
99999999999844
99999999999843
99999999999842
99999999999841
99999999999840
99999999999839
99999999999838
99999999999837
99999999999836
99999999999835
99999999999834
99999999999833
99999999999832
99999999999831
99999999999830
99999999999829
99999999999828
99999999999827
99999999999826
99999999999825
99999999999824
99999999999823
99999999999822
99999999999821
99999999999820
99999999999819
99999999999818
99999999999817
99999999999816
99999999999815
99999999999814
99999999999813
99999999999812
99999999999811
99999999999810
99999999999809
99999999999808
99999999999807
99999999999806
99999999999805
99999999999804
99999999999803
99999999999802
99999999999801
99999999999800
99999999999799
99999999999798
99999999999797
99999999999796
99999999999795
99999999999794
99999999999793
99999999999792
99999999999791
99999999999790
99999999999789
99999999999788
99999999999787
99999999999786
99999999999785
99999999999784
99999999999783
99999999999782
99999999999781
99999999999780
99999999999779
99999999999778
99999999999777
99999999999776
99999999999775
99999999999774
99999999999773
99999999999772
99999999999771
99999999999770
99999999999769
99999999999768
99999999999767
99999999999766
99999999999765
99999999999764
99999999999763
99999999999762
99999999999761
99999999999760
99999999999759
99999999999758
99999999999757
99999999999756
99999999999755
99999999999754
99999999999753
99999999999752
99999999999751
99999999999750
99999999999749
99999999999748
99999999999747
99999999999746
99999999999745
99999999999744
99999999999743
99999999999742
99999999999741
99999999999740
99999999999739
99999999999738
99999999999737
99999999999736
99999999999735
99999999999734
99999999999733
99999999999732
99999999999731
99999999999730
99999999999729
99999999999728
99999999999727
99999999999726
99999999999725
99999999999724
99999999999723
99999999999722
99999999999721
99999999999720
99999999999719
99999999999718
99999999999717
99999999999716
99999999999715
99999999999714
99999999999713
99999999999712
99999999999711
99999999999710
99999999999709
99999999999708
99999999999707
99999999999706
99999999999705
99999999999704
99999999999703
99999999999702
99999999999701
99999999999700
99999999999699
99999999999698
99999999999697
99999999999696
99999999999695
99999999999694
99999999999693
99999999999692
99999999999691
99999999999690
99999999999689
99999999999688
99999999999687
99999999999686
99999999999685
99999999999684
99999999999683
99999999999682
99999999999681
99999999999680
99999999999679
99999999999678
99999999999677
99999999999676
99999999999675
99999999999674
99999999999673
99999999999672
99999999999671
99999999999670
99999999999669
99999999999668
99999999999667
99999999999666
99999999999665
99999999999664
99999999999663
99999999999662
99999999999661
99999999999660
99999999999659
99999999999658
99999999999657
99999999999656
99999999999655
99999999999654
99999999999653
99999999999652
99999999999651
99999999999650
99999999999649
99999999999648
99999999999647
99999999999646
99999999999645
99999999999644
99999999999643
99999999999642
99999999999641
99999999999640
99999999999639
99999999999638
99999999999637
99999999999636
99999999999635
99999999999634
99999999999633
99999999999632
99999999999631
99999999999630
99999999999629
99999999999628
99999999999627
99999999999626
99999999999625
99999999999624
99999999999623
99999999999622
99999999999621
99999999999620
99999999999619
99999999999618
99999999999617
99999999999616
99999999999615
99999999999614
99999999999613
99999999999612
99999999999611
99999999999610
99999999999609
99999999999608
99999999999607
99999999999606
99999999999605
99999999999604
99999999999603
99999999999602
99999999999601
99999999999600
99999999999599
99999999999598
99999999999597
99999999999596
99999999999595
99999999999594
99999999999593
99999999999592
99999999999591
99999999999590
99999999999589
99999999999588
99999999999587
99999999999586
99999999999585
99999999999584
99999999999583
99999999999582
99999999999581
99999999999580
99999999999579
99999999999578
99999999999577
99999999999576
99999999999575
99999999999574
99999999999573
99999999999572
99999999999571
99999999999570
99999999999569
99999999999568
99999999999567
99999999999566
99999999999565
99999999999564
99999999999563
99999999999562
99999999999561
99999999999560
99999999999559
99999999999558
99999999999557
99999999999556
99999999999555
99999999999554
99999999999553
99999999999552
99999999999551
99999999999550
99999999999549
99999999999548
99999999999547
99999999999546
99999999999545
99999999999544
99999999999543
99999999999542
99999999999541
99999999999540
99999999999539
99999999999538
99999999999537
99999999999536
99999999999535
99999999999534
99999999999533
99999999999532
99999999999531
99999999999530
99999999999529
99999999999528
99999999999527
99999999999526
99999999999525
99999999999524
99999999999523
99999999999522
99999999999521
99999999999520
99999999999519
99999999999518
99999999999517
99999999999516
99999999999515
99999999999514
99999999999513
99999999999512
99999999999511
99999999999510
99999999999509
99999999999508
99999999999507
99999999999506
99999999999505
99999999999504
99999999999503
-1
