12 10000 
1 1000 
2313242341234 100000 
32872342144876231874687236872364987164876239874698721649823149823749854354356490487239759843 4359000000000000004354354356463464356346435643574839579473950739480702750847d239586345 
33333333333333333333333333333333333333333333333333333333333333333333 3222222222234433222222222222222222222342342344444444444 
1 1 
17 11
2 12
3 10
0 238479283749827394234 
1 2340982309420394802 
2 2 
2 5 
3 3 
3 74 
4 982374982739487239847298374982374982734987 
5 23849823498 
6 2342 
7 444444 
8 3999949230402394 
8 24 
9 2345996959645456 
2 0 
209384032409803948209 4032094809238409238409 
8932749872394729346628364 234972983749823749872394789234 
0 0 
