41493 5217
46508 98125
63966 27193
58197 72350
49909 21833
69344 86230
90188 87403
51859 64241
41641 9613
85764 72405
34785 67722
30086 94080
35529 30514
84008 60043
32801 42902
85410 77505
84772 18809
23454 98701
85813 84219
14446 41628
46313 54823
85955 49919
23793 20940
77060 11821
87577 71589
55715 49947
58900 42166
51686 43740
80094 55874
13290 5970
27202 17512
2573 33400
89308 74183
52619 82159
46015 67269
72632 44019
43159 76724
48222 98228
10157 6449
92332 56276
88606 94559
37 75809
43891 15190
66295 55302
89020 45633
96796 11510
92584 36743
16438 8870
22953 26262
40368 810
73516 27354
5108 38413
48300 94266
98547 85418
81236 28107
14213 30868
98952 1569
65027 85523
51587 52023
86455 70590
53579 36232
65601 50596
8846 14452
1181 10999
91263 33536
12842 18411
27462 41948
80420 7261
35964 78310
87789 48296
60708 6090
84545 94501
50059 40184
85257 36893
25110 56133
64530 50068
42571 67082
20326 85019
79702 78981
97897 13489
26731 35886
39114 97137
99183 9673
32878 49430
52088 74694
17348 3173
28864 80737
9524 34571
22281 64256
62266 70139
41267 5178
11742 58628
86001 99550
5234 80289
75565 17920
27433 24542
51480 94157
11576 47798
84600 33973
89310 1559
10786 85825
84630 80955
46218 65852
38933 46494
20282 35334
75822 10199
26418 24481
15370 11309
47244 65785
38688 80331
63527 35240
8203 30254
45841 92337
97428 36479
85305 97264
35248 66706
69010 22980
13805 11441
11932 58088
64840 47015
47091 79235
90490 85940
81393 89036
75054 70912
41315 77516
64314 76821
38953 57403
24659 348
95860 92158
80309 17027
55053 46011
7230 8835
22086 47947
50823 41508
66666 31568
36765 41268
76976 98640
61657 24535
77487 56211
79615 92571
81814 30423
68046 34517
92666 90199
1699 49954
99226 7650
8064 26494
89642 71140
55877 43516
18686 28676
75151 96439
17616 69455
26468 39590
97949 62610
8216 97164
74641 72960
94147 69779
91148 6507
58909 72425
62457 28587
64499 80493
80728 3007
11946 98261
78545 1568
57864 82191
28484 35718
63026 71414
43553 49738
3811 6409
89311 69754
76863 95805
47628 98111
42780 66455
66967 19888
81922 74708
66727 53484
34514 75914
91489 32543
3645 10088
37416 62234
26353 57631
19196 47076
71233 71353
61722 92538
45787 14321
53996 51825
65533 2323
50304 21249
29339 87340
20763 48846
86922 71140
98413 2150
3222 76326
99815 87095
16530 7286
60486 16281
30582 15496
50826 360
54354 45778
52053 56349
78906 10368
67198 43853
95715 54654
74604 24506
58788 16169
78278 68891
48880 71865
22059 36976
47615 48775
82816 8583
85929 83661
1942 99556
4893 86478
78859 90790
98764 98847
47727 59660
40677 33665
53435 20347
78608 77327
11398 74530
14685 38147
794 75080
19802 12675
47709 63268
32860 19659
70341 99686
26167 93212
60824 17018
2080 91495
85731 84013
48963 32250
42769 95922
75150 6004
11377 68825
33272 42659
50447 984
54522 96863
89303 33409
9112 65989
80313 74848
7493 73289
29684 73214
10716 71787
84941 83360
53498 34750
90945 42718
39757 16614
54588 46143
67473 30642
94206 46503
80431 95339
29064 62107
5001 53423
80736 87623
35198 39358
758 50551
12554 71243
15865 190
59861 62374
29220 98303
52288 68975
31680 62142
4992 94644
54980 97547
96092 17445
7397 94992
22803 84161
61354 60820
68723 3677
5239 19981
48150 84317
91349 57945
43228 72731
6906 77275
90516 77119
45677 60991
38339 79682
4981 66783
25659 15254
40558 85522
3635 97708
83678 36538
87953 30087
95467 30848
84940 17656
98885 41060
62194 89913
81097 52738
80917 92626
16119 67723
43437 6751
74258 53149
95215 82288
68920 2627
42958 79144
17899 83827
33162 576
47974 33709
22387 83487
77730 68830
67556 67477
86249 48694
36878 24269
43986 31059
88546 45031
14685 89599
58290 20027
19342 89399
66175 53278
3923 52833
30874 14514
35114 19676
7218 97776
84095 73307
30210 53169
45608 1483
8509 13269
81373 59569
11387 8794
38260 76265
155 76118
21676 33579
27487 19354
96907 8
85665 79849
83548 81521
29066 26415
12437 35294
72416 55640
86835 84698
98449 95840
51542 59023
9758 30900
47920 67044
60518 4898
73570 47905
57664 80690
54191 80674
77691 7324
97090 34626
45978 24151
12997 23078
93296 71956
99751 1768
59758 27371
86984 46214
93693 86545
78504 44216
55872 3119
43813 62784
51829 4027
54632 99796
76902 33153
85851 26818
27114 67109
13005 30222
12192 15608
4504 62062
53899 34322
50119 29460
41276 7944
63639 86987
78416 6291
40296 52372
29294 75550
23097 39121
58331 60064
57987 390
33418 77741
92619 70534
25502 68959
8687 61122
79381 67837
47815 6146
87694 15036
94473 92877
83157 97618
38187 72787
86618 73761
24481 14021
20342 33604
48533 4730
89025 77713
41826 9866
13973 46737
31317 23838
46459 59806
44271 36212
39753 56825
52075 66510
89812 79223
69017 73062
70205 74567
16460 81096
58171 4482
64828 58594
27659 88678
70436 69573
65701 7890
11664 54324
79980 85891
75771 44579
54553 93775
28503 43910
12199 30007
62846 28256
12207 72634
40963 95323
326 96057
46102 67870
49554 36096
55797 16552
57310 74727
98209 89997
46908 16351
53946 62941
91341 7179
65117 14615
38772 6719
22842 60770
99784 66459
43290 18397
50227 26870
60488 28638
19790 170
63535 68955
66573 82782
32180 99782
24476 9212
46724 38648
57065 73783
46799 35924
74124 56705
38906 54658
20442 75570
55415 83473
28143 21672
96790 67128
54065 32271
79554 94739
97280 4399
70742 14044
96963 60312
24041 12029
25763 51146
76729 66685
39745 70174
34173 9984
6255 31514
83695 63622
48346 24119
87064 71112
85876 57419
86152 19788
22933 58292
76051 34853
21030 25383
98073 77114
80916 57525
50711 65658
50944 36350
99182 94118
25982 60960
68687 5953
15238 81572
23349 53059
52369 85385
23397 41415
52409 74389
33985 6714
37551 5927
28573 45801
51203 9799
97921 39832
76468 45922
20357 79341
85404 11614
42690 1263
66231 88051
39384 10408
90228 2207
56546 39800
18083 82547
41773 54614
92634 57148
61879 25310
58462 37483
90346 63425
7594 64262
67105 31260
20795 74015
11950 11616
47358 16922
85761 50687
56290 1907
34165 74435
99691 71730
24137 72563
76733 78253
79581 1482
10722 73578
67407 54927
52547 77720
43315 95862
44670 57422
47187 20711
40932 9317
96315 34521
11475 68834
21058 78463
28764 41320
94996 31936
88167 77138
53775 39724
30589 47551
19741 23098
63664 35824
31534 9439
4989 42925
74256 42302
94 71970
81265 32320
92723 15960
24123 45429
9066 95141
6730 14081
36848 81268
83795 84887
77638 74118
40085 75737
67480 40466
57805 60514
59993 77266
83942 22858
5010 87257
94131 50635
83486 63121
42851 8404
73203 77123
70198 26490
20938 90769
21538 28206
82206 96440
18870 46888
90376 86473
40088 86243
26944 89637
99289 39159
16685 92306
52720 53574
55854 42716
99044 28276
21499 76978
21528 38411
72641 72132
19132 97489
42586 9238
11269 87042
56827 70659
15362 98220
30201 18734
30251 8850
63512 14275
87540 27242
59597 21168
33042 92851
38146 39683
75491 82940
2118 95809
47200 62541
25370 32055
21217 58089
67837 2428
32336 3462
32674 54215
48532 16716
40764 97454
9024 53959
76542 51120
40074 60746
46547 56168
39130 4011
4712 86979
18644 23056
80836 13130
14639 97734
18294 87571
32454 28119
38193 84437
65825 96873
52519 22439
70389 32555
73849 9302
34738 67222
81044 82448
37350 62273
20465 32115
55791 6965
92642 46476
55157 76719
3111 3182
43860 11891
18241 42117
95121 73085
85201 95067
58843 49389
45464 12087
32837 45305
56556 11765
71036 47862
22341 46668
94192 3484
47072 26233
89043 93818
67148 82536
40659 56121
17169 48088
67102 61085
30447 41489
74085 74592
54548 26353
39754 35255
10478 57199
59742 39292
52600 26589
84627 77245
35219 49163
74371 87691
78769 92213
45359 85163
96973 93057
57461 40922
30819 26301
53491 12213
30383 48020
27826 82243
27598 80537
43294 83634
79586 37738
25050 79952
63889 11416
51609 64488
79513 13112
63207 6648
26786 13001
8511 31248
60643 7500
12914 40338
68716 14443
72728 811
46985 79656
11512 6856
39301 78611
78884 23072
59772 87076
48227 18653
61409 45998
9047 8840
51026 49774
52014 46528
57360 98485
24979 86620
75520 50434
46850 46254
14421 93925
12827 72893
87154 53647
88465 82521
95962 9023
95428 93424
81840 18144
75158 62135
50555 4133
30794 76472
97648 23197
94979 6911
2702 6991
99104 43500
46992 78576
81501 84811
51642 69229
17557 19098
35320 6308
97371 34370
2295 22060
72241 21846
43729 66962
9542 83744
64181 6536
53254 89117
49572 70711
97260 97110
94362 55250
35314 72904
97120 42584
1596 41438
60933 4865
43482 62021
93925 97356
16387 72287
65236 87264
84410 42490
31482 16600
88831 75595
63865 76864
4738 80865
88861 10045
16239 63969
85441 34264
65191 12212
86777 70856
14932 46880
71621 58028
37695 62469
11159 58359
37024 20038
99351 49186
77023 95030
72450 24131
45804 3041
97089 41078
25743 87110
39754 69222
67270 23331
92274 89775
15550 95559
19762 47518
1017 91641
84708 58933
95328 78520
27597 49503
75809 17308
13712 55894
35617 86546
77914 73668
13555 10326
17116 37004
23437 60114
61000 58238
38684 69356
56746 5838
59619 80779
80963 76241
35169 99616
69934 88342
40363 57934
6668 43577
72175 7613
15151 4913
48545 42276
10015 95173
84513 7018
1705 69375
56088 40283
86662 52022
38461 9266
11537 71850
62270 28638
26211 98709
38154 93112
43988 62908
44374 79236
98566 75039
56089 51607
23313 61914
82615 12996
41455 7328
37706 76340
78003 30421
33674 90138
43210 11408
92775 93745
75174 98639
56050 35357
96785 25829
62696 70417
11524 96820
3157 83072
21876 12615
60913 22461
73700 69128
44193 6770
92774 27219
22347 60009
31093 14283
77674 17946
95196 24521
6893 57143
36971 80338
35653 31444
40125 96236
5161 96397
50048 5607
87035 95265
43226 21777
46500 44746
93242 5571
49096 7841
11598 30156
58767 51439
75394 20513
84603 83829
65801 51776
51662 79422
34435 8274
28847 88063
15904 81422
53791 57149
80021 49492
33787 59245
38693 13103
10023 69411
72036 98406
71028 12715
95840 69513
14264 94407
34569 46574
89432 52954
75215 10139
42445 48690
99728 20291
94440 7438
49198 85806
43424 6853
30739 29206
17655 62268
88410 77443
42908 43672
87286 85762
34253 68957
35888 37677
14147 59955
28052 11843
81310 11068
75902 85209
98387 79141
46747 68241
36002 34891
6213 49891
34253 92248
65918 54863
66939 28666
67472 64904
26784 3366
44650 48312
48622 21266
11169 12991
3128 59688
5766 1097
13801 33093
50404 33132
73979 92519
12093 95410
36174 81807
81720 21867
55254 24881
77107 55800
10319 36131
73460 4051
20930 20852
81789 65887
70459 43742
62735 42025
8519 84707
37658 81333
35191 74458
14897 10111
66161 78480
31652 90874
9771 39738
15282 70039
4997 95354
14432 7484
63726 49736
37458 5210
71306 49643
3708 44209
688 72541
25195 51737
93358 2701
5429 27867
9318 6631
6072 33698
96251 42250
12396 47267
95968 52231
43720 27001
8597 99768
48285 6762
37158 5589
11881 21712
1880 94400
55844 56301
68962 37278
43272 80818
68505 42491
20339 65648
97025 32118
11030 62374
56303 44741
51837 60555
41765 47660
29439 93016
71076 14960
10946 58405
38954 50922
542 67970
26338 16007
23939 96305
92416 49143
83107 17247
70827 69730
27560 54582
40101 42453
3964 44428
21635 76085
79803 52641
11150 52560
56610 28348
46388 96205
45797 10700
44315 59723
64392 45861
40719 88419
30513 62089
79832 73614
58784 95619
40239 838
12703 35274
34099 90657
52454 93337
83967 1967
58937 32819
26062 56866
51608 11957
95100 76237
85952 88796
75106 53403
74311 68070
52605 16515
26788 39201
14150 52338
85826 61751
67404 44204
78 83628
46296 28212
37821 77850
24205 35974
70250 62122
15252 40195
14146 16914
17029 5800
81894 52071
47747 96699
64736 67635
43073 43750
82508 46484
42853 18754
76892 85067
77319 23500
29015 11158
48754 50498
39171 62318
45939 65933
19369 9068
46278 88451
45201 1064
80279 14873
17174 28157
3709 87037
12180 99515
42063 96323
58442 54470
54187 39124
66030 49889
13019 84292
78388 12030
62316 25936
88216 90697
31507 8384
13755 49922
57138 1920
29237 44482
977 5395
72161 88622
43226 80515
49477 59262
10042 54742
3256 93725
28525 79115
74197 13061
87009 52331
63495 26301
40778 21240
32008 78858
9531 11790
78188 24336
78982 76204
26099 41053
61350 87757
83740 23674
