100
13 688 6199
119 176 41 86 76 129 84 90 100 53 116 106 151
1742 1666 853 446 1051 1120 1104 617 1837 1601 1656 1588 1706
21 859 9510
29 122 109 159 158 70 87 17 69 136 141 41 141 114 170 187 195 13 117 89 7
962 1558 1128 1314 12 966 1207 1456 1874 893 1524 705 1415 882 1546 641 1904 1733 1809 2044 962
14 841 9928
39 70 211 196 115 232 174 220 154 67 100 35 229 88
1511 1226 1619 1842 2031 2169 1716 2114 1790 839 2715 1420 1357 1260
20 983 8828
167 216 140 15 152 195 56 147 140 75 114 107 205 192 182 88 150 198 140 192
1252 1398 618 838 1169 651 944 1263 1304 1641 654 1671 635 383 1647 318 336 789 1053 1273
15 558 9013
130 127 42 122 122 28 67 96 119 153 148 89 44 104 138
2020 1184 1037 695 1532 924 791 701 1162 1092 983 1501 921 1863 2207
12 598 5684
99 96 103 136 116 152 72 179 111 127 140 74 
789 818 494 401 1202 906 1570 1269 1434 1654 1681 1388 
9 940 5417
197 182 183 204 196 182 206 218 205
1190 985 1222 1137 1117 1026 1089 1311 1161
29 640 5032
57 31 55 28 47 85 61 49 43 40 55 44 28 43 45 63 71 39 67 50 56 20 44 54 63 30 53 75 56
462 465 465 480 368 432 476 483 473 463 333 385 443 356 506 410 389 481 435 444 391 354 343 408 362 472 498 382 477
46 826 5559
17 79 46 50 72 1 39 29 29 64 45 32 32 67 25 54 43 50 64 61 44 45 88 39 22 66 47 30 59 45 64 42 28 62 35 33 32 46 75 58 1 12 55 14 28 36
218 306 347 270 285 325 333 346 297 300 263 332 224 309 379 258 287 295 299 206 315 293 285 406 423 324 327 471 287 355 332 314 297 233 277 402 225 291 340 384 312 321 359 341 238 338
91 859 8836
39 24 37 27 16 29 29 17 7 2 70 48 67 1 9 26 31 39 24 58 25 21 28 7 59 30 44 42 5 1 1 7 5 33 18 17 60 14 13 3 18 40 22 21 37 49 6 44 30 1 17 1 64 35 32 25 7 42 43 76 27 1 36 1 46 81 38 44 35 21 19 7 16 23 7 50 46 31 30 35 35 11 71 1 1 29 36 45 21 1 67
186 241 261 355 357 310 243 265 222 318 392 159 199 284 136 293 266 277 266 189 292 277 268 106 332 255 293 247 301 232 323 151 270 196 321 363 267 268 236 382 148 306 319 283 318 328 360 199 324 240 227 355 371 225 219 277 223 224 158 232 311 205 238 313 235 217 301 327 251 359 200 298 316 129 217 244 348 329 370 358 230 334 260 192 342 311 270 180 184 261 207
3 576 5308
283 289 356
3101 2793 2559
98 559 5506
32 42 1 13 17 19 13 33 3 30 1 1 16 2 33 18 1 22 1 38 7 22 1 9 3 50 14 8 10 1 1 27 7 29 1 1 61 40 65 27 61 31 30 1 9 54 1 13 1 30 1 3 46 21 35 1 6 50 8 3 1 10 23 1 5 1 1 4 46 1 30 20 42 1 32 30 5 3 11 15 32 19 4 1 30 1 40 18 32 7 7 18 9 6 1 39 14 1
206 108 326 138 58 169 158 303 199 32 140 382 321 312 212 221 181 210 118 431 280 268 140 77 268 246 231 214 165 65 201 216 257 186 217 200 17 314 245 364 89 103 338 224 210 155 234 202 303 104 277 57 212 13 343 186 333 297 189 156 125 159 235 219 137 168 139 198 375 380 287 125 237 129 307 263 283 229 319 266 324 120 250 129 159 201 107 309 233 262 290 173 184 184 58 341 259 87
98 622 6116
23 41 15 82 79 41 8 1 25 9 54 9 35 42 2 3 1 1 14 1 9 17 51 15 20 24 57 43 25 7 55 1 17 1 48 13 46 46 1 69 1 9 5 23 18 33 4 59 2 1 26 7 56 25 1 21 18 34 14 1 1 20 10 5 1 1 67 46 66 10 12 26 1 18 1 1 1 36 22 23 74 8 52 8 46 24 46 1 17 43 29 42 1 25 29 30 25 10
294 107 238 257 474 261 383 298 197 315 55 191 113 255 118 255 135 346 264 210 130 438 104 263 154 319 44 94 441 176 116 257 140 237 272 209 194 271 83 150 348 421 113 201 179 291 110 239 236 262 118 139 282 253 261 100 421 312 160 215 187 397 307 166 440 215 288 155 141 187 219 172 213 140 235 54 274 66 227 403 245 391 174 181 112 218 263 175 222 175 10 155 190 198 407 105 188 272
48 975 5131
77 49 106 58 52 110 14 35 55 36 48 37 64 28 50 71 28 52 46 47 36 51 12 46 68 37 76 40 57 27 52 51 29 67 35 85 28 42 65 81 27 43 26 22 54 94 62 59
281 291 238 258 224 372 295 372 323 350 357 312 254 290 314 327 232 304 283 218 202 308 335 343 246 239 160 174 263 279 203 209 333 352 318 200 442 256 302 472 290 278 298 390 216 258 267 219
84 674 5363
4 1 41 2 5 10 22 64 1 34 18 1 52 62 1 17 46 22 10 10 36 56 1 21 17 1 1 3 41 48 68 64 39 1 1 10 1 20 17 30 25 69 1 17 18 7 7 17 1 41 9 29 36 43 24 20 28 23 36 57 1 86 21 16 26 41 52 57 38 12 16 40 44 1 35 25 7 20 30 9 41 33 50 2
132 198 319 214 329 206 170 115 143 400 269 117 338 112 260 119 205 251 193 183 236 255 126 268 275 158 259 153 77 164 247 176 349 228 79 139 239 206 296 190 179 334 275 288 60 161 83 85 196 203 83 138 218 165 188 308 128 178 114 170 197 144 365 232 242 146 170 153 276 45 178 57 299 75 155 166 288 356 228 89 324 375 233 424
55 592 9757
38 18 41 24 14 57 20 15 64 53 37 4 8 25 29 72 37 27 15 3 20 16 12 62 3 4 40 38 3 55 85 13 57 25 34 52 12 34 1 17 50 38 41 47 34 7 34 9 51 31 40 31 9 36 1
461 470 562 628 598 551 588 666 583 487 531 498 646 481 406 474 572 512 604 561 518 505 448 492 430 441 578 543 528 434 458 570 485 493 519 514 513 472 545 552 377 456 556 396 481 536 580 691 585 567 549 421 458 470 447
66 820 5456
27 27 32 16 6 7 31 66 11 13 69 32 34 6 68 12 8 55 34 46 1 21 54 35 21 29 39 24 14 60 11 61 39 49 23 53 40 11 23 10 20 31 58 28 88 46 15 25 51 39 13 45 69 47 51 33 20 58 66 38 38 33 28 17 49 35
291 232 171 155 293 170 276 213 184 172 204 247 191 218 253 232 321 252 258 208 240 319 168 165 358 221 351 255 237 176 154 293 296 197 219 208 238 222 201 213 254 185 236 210 233 143 83 260 186 281 290 151 172 241 226 258 291 201 250 277 201 104 266 180 208 195
70 939 8755
11 5 49 30 55 28 34 38 44 59 44 26 18 43 22 35 31 45 6 18 28 12 40 16 56 1 23 31 36 16 45 33 38 95 13 34 21 41 22 13 7 63 30 58 74 21 43 46 31 21 17 42 4 19 4 19 24 43 21 52 41 37 37 33 43 46 62 13 26 30
372 352 299 339 385 314 151 237 413 374 414 440 388 395 296 372 374 387 321 418 437 261 364 353 403 536 370 338 415 356 318 334 493 453 397 356 344 412 277 286 322 331 296 360 373 388 230 374 305 328 375 303 349 318 419 437 250 416 238 386 381 437 328 404 307 360 327 426 235 251
87 890 8607
54 31 48 1 1 47 28 1 23 49 33 48 3 1 47 16 31 33 24 29 54 13 4 42 18 50 42 21 1 12 28 48 35 56 1 27 38 55 10 26 1 54 27 4 22 37 1 26 5 32 39 42 9 35 21 36 62 47 4 24 18 4 46 52 43 5 43 14 25 23 31 52 23 36 33 38 18 1 28 18 49 3 37 38 25 1 13
240 188 285 318 304 200 274 271 324 292 384 341 215 140 338 186 250 218 280 299 339 323 237 417 284 207 384 211 301 291 327 249 190 463 329 302 346 309 254 236 293 283 291 223 257 294 345 355 223 241 209 219 240 332 273 179 311 310 314 354 238 232 304 321 190 244 202 208 288 350 363 288 311 307 161 231 318 358 343 172 342 341 325 313 300 449 226
75 942 5288
40 27 17 25 22 18 5 112 58 1 41 9 35 11 33 5 17 16 35 64 32 56 1 27 77 54 57 17 10 34 11 79 21 10 42 27 15 40 36 65 40 67 65 1 56 28 25 37 19 28 40 13 30 48 42 41 43 23 62 29 26 10 24 48 25 38 41 52 84 15 36 53 52 7 8
203 147 251 140 172 175 214 136 153 229 319 149 288 206 155 184 251 158 117 150 258 211 77 200 137 155 292 259 220 197 134 176 329 255 179 199 300 189 171 130 216 224 322 231 144 261 296 224 222 309 210 319 161 225 281 168 126 167 88 215 79 73 277 223 193 224 240 126 270 162 135 179 284 207 154
87 564 7627
1 8 26 1 10 5 54 5 53 7 6 13 2 12 39 29 26 22 1 35 41 55 2 49 33 53 83 1 10 44 1 5 30 20 31 1 40 24 1 32 1 1 12 1 21 19 14 1 1 31 21 3 17 10 1 21 38 29 16 1 35 28 17 16 11 34 23 42 24 23 61 47 13 23 1 2 13 24 51 3 7 20 1 3 46 17 15
376 330 382 283 295 274 200 373 165 300 394 272 249 272 438 232 328 289 213 249 439 292 210 340 243 294 304 305 345 34 277 265 242 311 315 194 469 261 381 321 172 300 143 316 270 182 321 468 325 203 478 295 270 381 257 293 395 277 229 384 192 206 423 286 233 320 254 200 195 154 314 277 262 421 224 277 336 187 229 276 326 292 377 485 357 230 318
70 742 6378
4 44 83 76 10 37 24 26 4 45 46 43 36 16 19 17 62 1 66 60 23 59 31 35 2 17 1 26 25 14 1 8 34 38 21 10 40 18 7 2 45 18 27 43 10 52 20 24 25 31 66 14 27 32 29 23 8 35 30 45 43 41 47 31 26 36 30 22 44 25
356 359 73 222 269 188 240 276 232 214 251 250 264 295 195 216 263 319 187 361 425 196 202 157 261 267 323 200 142 363 222 371 360 266 363 283 197 179 291 208 230 379 333 250 260 261 254 260 245 388 177 273 313 446 248 253 406 211 303 170 302 270 152 298 286 183 230 333 313 398
11 724 6103
135 112 125 95 132 139 147 130 140 116 134
1097 1108 1043 1125 1093 1075 1068 1196 1171 1151 1129
9 556 5225
111 125 96 94 117 142 112 116 121
1024 1080 1032 1076 1064 1002 1156 1063 1003
33 506 5810
50 44 50 41 60 51 42 47 34 27 7 7 32 43 14 57 54 59 15 43 30 46 23 32 50 29 42 51 43 44 31 16 32
383 455 358 341 354 455 453 457 481 442 376 374 397 459 465 364 404 425 382 380 428 384 456 398 385 356 393 456 463 346 364 410 401
19 956 6145
102 88 103 112 124 115 98 90 91 107 105 106 109 113 97 93 119 64 110
649 676 619 654 699 537 698 706 650 647 576 643 630 677 728 699 710 682 672
50 716 6795
48 29 60 29 17 42 31 35 25 48 42 42 50 35 30 49 41 39 22 35 22 34 1 21 89 16 18 20 37 23 17 32 32 53 39 44 31 55 50 62 41 12 31 21 41 46 37 48 49 48
388 337 293 287 245 358 286 332 184 253 310 332 357 362 324 269 317 318 332 308 395 322 269 427 400 322 238 332 391 321 335 278 325 244 322 313 262 318 272 278 421 376 343 405 303 260 382 321 283 296
85 754 7735
3 1 43 29 26 1 33 1 15 31 39 21 21 1 5 19 41 15 34 43 38 36 34 1 9 7 3 10 20 61 22 11 1 45 26 45 33 40 1 21 38 19 33 6 41 17 47 46 52 52 17 20 37 74 15 10 7 36 13 7 12 19 19 1 30 17 36 11 8 18 27 31 43 5 46 17 52 1 37 40 17 43 19 1 3
242 250 498 317 309 335 397 349 348 177 363 254 250 255 266 324 323 328 490 268 248 181 192 418 234 287 274 412 310 339 216 298 148 453 320 370 357 267 358 142 283 308 288 319 250 225 179 364 291 287 254 219 280 198 326 289 397 212 110 322 276 317 327 258 240 196 309 309 208 424 106 250 335 267 248 298 176 206 283 302 306 244 309 237 227
64 621 6443
19 28 27 32 25 57 23 15 20 16 12 37 40 28 22 66 16 30 20 21 46 17 35 17 17 36 12 10 37 23 29 20 20 19 6 8 21 60 37 15 24 3 29 20 59 49 29 5 30 6 26 12 11 33 19 1 38 16 26 19 30 23 26 45
279 247 231 242 323 272 300 352 249 260 327 201 426 153 352 315 193 278 393 299 248 328 243 253 184 97 187 367 306 247 288 184 300 367 333 371 376 225 329 345 286 234 373 251 211 315 364 373 310 256 148 330 331 265 225 249 283 260 303 160 317 355 148 326
91 782 6653
21 39 17 24 25 28 3 29 32 23 13 25 5 24 32 44 14 48 5 21 12 25 27 37 21 55 64 6 37 45 26 39 40 12 22 8 38 7 13 14 43 1 38 27 2 57 10 18 8 35 26 44 1 28 19 1 1 28 25 42 36 10 43 23 23 35 12 26 1 1 12 46 32 1 31 23 39 36 1 49 8 34 89 1 7 9 22 17 19 31 9
177 241 136 250 209 55 153 300 294 175 247 158 172 257 112 182 142 218 240 266 192 390 204 174 37 193 198 96 132 82 194 282 272 185 189 241 268 155 103 104 388 180 170 319 188 78 253 189 115 271 169 204 234 223 142 165 211 218 344 155 283 286 150 183 248 156 56 224 204 209 192 166 250 248 203 228 179 194 212 285 343 231 178 185 228 212 270 299 200 200 286
88 862 9840
21 15 5 66 25 8 74 28 42 30 15 38 44 48 63 41 1 21 4 3 24 10 1 31 6 1 7 36 17 19 31 35 41 43 52 1 27 10 54 65 52 21 1 1 33 13 58 67 4 37 1 33 9 34 37 20 23 30 20 30 4 56 45 41 24 1 38 46 35 35 16 23 50 3 13 9 6 3 41 37 44 23 8 20 40 9 33 33
240 491 386 365 255 276 340 372 353 364 234 351 386 281 466 365 275 191 286 354 367 421 304 227 291 317 221 262 487 363 373 250 361 385 179 333 494 267 360 241 299 272 227 419 338 358 438 340 455 254 448 261 260 392 209 269 306 375 308 285 416 339 502 484 342 405 337 398 287 314 358 224 321 377 296 408 352 299 375 424 404 416 365 296 250 286 255 455
8 570 6979
145 143 116 152 133 140 119 152
1887 1710 1668 1692 1695 1726 1659 1857
96 821 5647
59 1 94 11 21 30 23 1 6 1 46 1 35 19 40 2 66 6 58 10 2 41 2 18 3 1 22 14 23 44 78 20 4 3 15 60 1 1 1 63 33 40 34 34 18 34 84 69 70 1 6 5 4 35 66 5 17 33 22 16 8 1 46 1 19 1 1 10 3 44 20 58 46 7 14 59 1 1 7 65 51 26 14 1 9 58 5 32 39 13 22 4 1 29 24 1
478 428 123 155 223 205 350 60 215 184 181 278 108 323 295 225 296 82 218 83 120 276 373 156 383 202 151 288 613 63 197 305 252 288 331 306 243 244 167 458 379 340 267 63 262 96 246 245 171 284 306 86 242 201 121 122 199 166 339 279 161 223 259 284 276 115 425 267 131 171 276 256 249 374 111 196 54 265 226 290 365 297 253 208 349 191 68 200 386 197 353 204 186 197 267 394
3 512 8086
268 278 248
3713 4457 3776
95 544 6986
2 56 13 1 21 4 87 1 29 1 1 57 37 1 1 3 1 1 20 9 1 33 4 3 3 63 23 23 1 26 1 21 1 5 21 24 19 20 39 10 8 1 1 50 7 1 1 7 3 37 20 14 19 21 9 1 1 29 63 5 1 7 1 54 1 1 23 24 9 11 2 1 60 2 25 7 1 21 8 1 25 31 25 21 21 1 2 36 65 1 17 67 23 31 1
334 360 397 201 259 665 433 249 304 281 355 205 202 358 331 410 165 393 225 331 380 220 525 102 143 389 318 458 272 309 439 189 349 233 368 285 271 304 324 234 349 497 327 263 502 227 197 112 284 245 241 284 286 279 306 341 144 210 311 417 392 383 437 309 358 191 380 442 249 218 326 324 278 253 346 390 183 388 249 281 332 197 502 36 252 287 234 460 455 306 356 155 305 404 232
99 546 6033
31 1 42 20 8 17 62 1 21 1 23 20 17 10 19 1 9 5 3 24 1 60 70 18 1 15 60 1 5 36 1 1 43 34 2 1 24 15 5 10 16 14 47 29 19 1 6 15 8 39 15 3 49 29 5 30 32 51 60 48 7 1 1 8 3 35 28 50 46 30 1 5 6 54 55 22 9 28 31 15 20 22 8 12 1 1 1 10 39 32 36 20 4 28 8 38 1 1 1
209 221 142 190 182 170 161 212 121 239 202 257 256 136 178 200 271 269 185 214 177 122 308 196 281 1 193 94 230 287 169 276 305 174 261 102 203 157 131 67 211 279 171 107 342 134 221 203 288 97 241 289 149 134 127 209 84 245 165 286 213 259 266 233 7 211 221 279 127 103 237 271 234 171 74 205 171 104 223 160 150 231 265 168 187 327 75 319 227 202 304 114 128 36 108 151 78 207 265
72 933 8820
58 42 48 29 45 2 46 27 6 25 56 65 38 51 34 46 8 7 30 14 10 53 40 63 6 49 32 43 37 53 41 14 40 1 26 24 15 55 10 9 33 44 43 4 28 13 5 17 61 14 49 25 39 37 21 53 34 60 17 46 24 10 40 35 47 23 46 69 5 65 27 62
330 314 372 305 306 236 344 384 420 406 311 336 395 483 419 326 319 412 397 303 282 295 345 302 322 306 316 312 462 357 324 169 312 280 169 329 334 209 351 349 293 431 303 340 339 421 262 276 338 381 334 356 172 354 377 301 280 364 356 342 332 287 304 429 288 312 282 362 415 370 266 273
17 607 6197
92 88 66 82 77 71 98 78 59 71 59 57 59 81 76 84 63
668 748 650 797 753 655 697 751 686 615 764 701 615 716 776 770 677
32 826 5916
85 58 26 46 74 73 40 69 60 53 61 45 74 57 75 48 46 41 55 30 62 73 54 49 40 40 53 61 63 61 65 57
416 388 332 399 350 376 380 429 330 259 429 485 397 465 399 369 414 319 464 326 382 470 424 390 367 360 425 395 425 363 360 422
52 535 9090
23 36 28 49 43 23 33 13 34 71 1 19 4 47 8 6 8 45 24 52 10 27 1 38 16 30 2 40 8 29 43 13 14 53 1 84 1 46 32 27 29 32 20 52 19 6 1 51 33 64 3 13
616 578 598 411 651 527 482 638 639 352 551 576 760 678 681 460 474 506 511 589 583 657 568 518 641 595 499 541 418 646 528 562 498 543 599 591 672 541 595 473 645 515 497 622 433 501 625 483 500 659 485 500
69 757 7406
13 53 47 24 31 47 4 10 45 28 13 6 22 39 17 19 2 19 90 22 10 59 61 1 1 28 56 28 65 39 4 50 21 25 42 46 6 45 27 21 51 36 19 52 48 32 27 39 31 46 12 21 36 35 52 32 45 42 16 25 1 17 11 31 32 37 27 47 18
386 198 360 270 251 209 318 316 250 326 194 316 387 189 352 344 275 375 264 439 352 328 223 209 271 164 235 215 184 343 310 342 372 370 376 292 365 287 331 355 357 157 343 282 253 250 271 285 335 298 221 266 342 259 331 266 365 343 336 455 347 333 214 288 348 424 231 262 340
63 872 9190
34 55 17 23 58 55 30 65 14 80 29 1 35 28 58 21 44 27 31 61 64 47 36 1 25 45 30 1 5 48 35 13 30 57 36 15 51 24 48 25 5 64 58 33 51 18 29 32 34 22 53 47 34 48 24 40 20 31 10 44 10 56 49
474 498 384 424 462 343 344 364 297 330 399 462 326 288 385 364 391 431 410 400 323 451 332 368 337 448 306 442 309 456 388 279 309 495 357 437 377 395 356 369 405 302 327 362 354 415 447 475 352 337 344 275 442 292 358 398 397 321 475 359 533 262 370
59 881 8398
60 18 52 52 20 48 37 50 41 14 22 10 21 29 50 49 31 35 5 38 27 25 54 42 42 45 45 23 36 18 65 33 28 21 28 28 30 58 32 42 35 33 43 52 55 17 29 25 22 35 45 35 27 35 31 28 42 40 15
299 291 344 247 248 311 311 297 348 296 288 258 230 351 372 329 278 321 296 361 307 337 356 343 220 229 243 235 298 279 338 342 285 325 298 266 333 295 341 334 301 322 301 293 302 225 274 289 429 245 294 285 278 316 272 296 440 383 355
87 736 7990
1 26 15 52 17 1 44 37 1 4 19 11 15 1 33 27 10 1 1 22 61 58 21 26 35 1 31 40 27 22 21 29 23 21 29 21 33 29 15 26 10 31 39 76 21 26 28 6 45 39 28 22 21 40 51 53 23 23 23 28 31 36 25 1 1 16 7 31 4 1 39 19 37 30 6 7 8 40 1 10 40 16 41 1 23 25 4
279 272 197 248 263 245 202 250 291 221 270 244 72 295 229 318 246 277 201 210 223 213 207 342 144 191 138 304 284 253 457 238 181 178 169 230 290 256 213 247 248 323 257 319 368 297 263 364 343 126 282 264 259 324 187 233 289 253 221 250 263 280 153 359 271 279 245 361 275 331 226 164 328 228 418 274 289 368 242 185 181 227 255 187 219 356 248
64 515 9276
23 1 54 21 19 9 9 21 8 19 31 22 28 10 1 1 46 37 35 19 19 31 32 1 6 57 18 7 51 25 36 1 37 21 35 14 62 1 46 48 19 45 10 38 10 22 12 1 6 1 51 15 10 44 51 29 7 20 20 9 29 9 51 32
351 373 445 635 386 503 545 349 445 529 359 628 511 408 409 426 470 460 430 460 563 608 517 388 416 374 578 492 487 269 492 497 548 431 273 417 356 579 439 337 556 495 436 254 478 498 471 396 348 385 443 422 374 367 362 375 425 415 457 503 604 507 360 594
75 606 5671
36 99 16 5 29 24 80 1 63 9 29 37 8 70 1 23 30 19 25 32 21 40 17 32 5 32 5 1 52 53 29 11 20 36 28 1 54 31 10 6 56 21 37 34 12 10 1 40 36 20 27 1 22 41 3 1 13 6 46 26 22 1 2 16 24 3 9 6 66 21 54 65 36 22 11
282 324 118 239 228 367 161 275 194 156 74 307 176 251 372 389 199 176 209 151 148 136 146 250 241 256 318 188 193 261 302 234 265 220 217 117 105 185 194 349 147 340 221 298 314 300 280 407 312 273 119 312 254 317 286 245 316 109 163 176 307 113 90 194 85 163 273 315 116 328 186 97 342 165 293
10 599 5151
106 122 117 142 89 106 106 111 116 122
1065 1023 1105 1062 1007 1091 1009 952 1121 1117
44 521 7002
39 29 39 52 52 9 39 50 12 20 21 11 15 36 3 51 1 25 17 34 35 25 54 7 41 24 19 36 23 49 20 22 40 1 54 6 55 37 1 28 32 18 32 41
394 436 458 515 506 520 317 503 446 529 508 441 553 475 430 507 612 498 547 568 510 384 349 563 463 490 552 541 431 482 498 516 468 459 357 464 448 628 544 560 334 543 543 489
16 707 5142
80 90 88 88 112 97 110 93 93 67 97 87 57 95 89 84
611 647 605 684 727 567 629 626 730 679 655 670 676 576 676 808
62 958 7805
23 40 48 36 53 27 20 23 31 63 28 45 33 86 35 14 23 17 42 50 53 9 49 40 23 6 51 68 33 33 33 53 1 31 67 49 44 35 36 10 8 56 42 21 15 25 27 64 61 98 53 61 47 71 41 68 15 15 38 13 52 16
347 381 234 492 394 293 410 304 337 436 265 249 332 344 303 469 216 343 368 483 301 341 426 301 481 370 201 377 418 261 233 232 362 414 325 430 303 281 416 295 320 345 257 440 323 238 275 498 329 283 444 340 356 388 272 239 442 378 387 300 372 307
75 770 5233
28 34 32 27 18 8 7 28 35 34 32 64 5 15 52 27 36 49 41 39 33 15 43 1 18 39 19 39 26 41 10 22 35 6 44 14 17 33 50 25 28 25 33 35 9 1 5 64 36 1 25 53 21 41 23 56 19 58 25 29 36 9 66 39 38 45 36 27 27 39 15 50 13 37 30
143 220 167 137 85 182 154 224 236 123 250 268 242 131 99 122 182 140 152 203 150 52 162 216 115 255 183 162 74 171 121 345 134 171 226 110 202 171 122 307 216 145 206 180 108 220 159 171 208 126 67 114 61 144 168 247 145 114 136 204 162 189 177 291 58 206 196 117 333 290 160 149 143 123 117
50 815 7006
41 1 53 43 42 47 43 64 26 52 27 7 53 57 43 26 42 43 65 57 53 46 36 38 37 49 39 13 31 36 12 46 31 24 27 49 27 52 28 62 39 47 12 19 33 40 32 54 26 25
403 317 358 390 312 408 367 417 413 374 387 421 326 426 329 284 338 258 425 372 374 331 384 257 335 384 350 323 292 307 399 407 400 303 270 365 329 272 356 401 358 233 379 338 399 287 362 430 467 349
32 867 6721
70 73 64 68 29 73 62 77 84 95 51 56 65 90 74 56 69 70 44 58 57 47 46 47 62 43 76 61 58 78 102 88
465 463 496 448 511 469 569 384 564 505 465 473 454 515 365 447 475 447 500 388 403 544 509 496 514 488 420 562 457 378 452 408
67 591 6371
12 31 56 3 59 37 1 49 33 68 33 6 8 42 1 49 1 17 60 48 23 1 56 37 1 34 31 23 77 18 9 9 27 24 6 11 47 17 1 64 36 47 22 29 33 15 44 28 21 6 1 1 2 1 1 36 5 1 41 56 32 19 49 28 39 1 4
195 202 300 235 320 244 301 283 175 378 242 241 288 345 331 272 222 125 274 333 323 268 499 257 434 310 314 392 268 208 320 261 322 308 300 245 285 168 208 324 233 201 271 412 233 275 324 354 269 255 355 240 368 531 274 332 256 258 353 308 234 364 335 273 288 312 159
99 711 9231
8 9 14 43 12 8 16 2 12 32 5 1 34 37 29 31 36 45 14 23 11 1 1 26 10 23 39 4 3 38 6 38 45 17 40 22 3 32 9 15 27 6 1 3 25 33 28 37 15 18 22 25 42 22 6 20 43 44 7 30 16 29 39 46 22 22 29 10 34 8 10 1 14 37 42 6 18 1 1 19 45 41 18 8 1 1 1 1 36 19 36 21 32 32 20 1 6 39 21
236 217 161 382 260 445 387 258 293 234 219 287 320 169 160 277 234 297 271 399 285 312 216 241 239 358 284 290 426 317 343 268 274 301 224 462 224 186 218 312 326 365 261 380 288 304 381 245 311 309 274 205 308 291 232 309 236 166 319 286 321 271 289 183 309 334 379 267 397 277 291 356 274 323 324 302 362 182 415 167 230 97 316 233 266 247 247 296 255 137 294 259 280 238 311 197 196 355 249
59 537 9815
51 20 2 6 69 1 9 21 1 1 15 1 24 43 1 15 55 28 9 22 1 25 16 1 40 34 15 29 48 15 53 20 1 1 1 29 31 25 27 28 14 65 17 43 43 27 43 1 80 31 18 7 17 34 65 5 18 54 14
581 436 473 573 409 469 553 787 588 479 509 499 480 564 687 547 635 700 598 534 518 649 565 551 746 632 415 643 553 489 522 772 586 526 681 579 448 429 528 423 478 477 392 554 506 472 478 608 564 653 554 544 447 663 459 477 572 559 536
79 811 7881
16 42 26 6 54 51 36 40 15 15 55 12 17 23 41 20 42 21 6 39 18 32 1 29 51 16 30 41 42 39 1 42 19 47 1 32 4 1 93 35 1 34 1 9 35 24 70 68 1 18 9 6 10 16 35 26 8 32 14 25 52 15 31 1 26 33 25 37 1 48 45 33 37 45 43 46 41 31 26
278 368 285 323 256 392 249 266 232 301 279 322 288 249 300 346 352 335 213 279 323 294 351 286 342 266 379 374 214 285 366 301 385 278 364 452 282 335 282 225 366 215 394 237 222 377 280 212 345 228 189 225 305 140 243 365 267 354 294 229 286 352 244 244 165 190 326 313 329 201 324 213 272 343 314 235 214 252 327
41 514 8484
32 58 40 28 38 11 45 33 1 32 50 17 20 65 27 44 31 9 35 21 9 42 64 52 4 71 39 44 32 40 30 26 37 33 1 39 27 39 36 26 44
494 431 514 525 517 426 512 412 497 530 511 508 370 523 416 418 498 525 451 418 580 571 393 469 391 387 481 463 523 519 489 489 533 497 463 490 681 459 562 481 360
42 977 5649
43 36 70 44 53 49 66 49 42 30 62 32 64 50 46 53 58 73 62 57 81 55 63 54 47 56 62 69 54 64 52 70 40 48 54 34 56 38 48 69 40 13
353 295 294 195 285 254 206 291 382 213 266 338 356 193 307 317 409 397 350 369 286 397 229 341 287 293 339 304 296 397 421 346 323 300 378 264 308 329 312 386 368 287
26 856 5142
37 75 68 71 69 77 54 85 55 62 67 39 36 82 80 60 72 70 74 53 94 66 69 54 86 77
380 424 329 412 389 403 360 380 343 377 402 339 400 455 410 456 433 447 405 362 422 371 404 363 446 428
96 854 9330
24 10 39 44 57 22 60 16 1 47 7 52 24 60 23 43 61 36 10 63 32 4 57 28 7 59 32 29 37 13 1 20 37 19 9 1 6 38 22 14 22 16 28 15 9 22 8 36 5 32 26 15 35 1 11 58 22 11 51 4 17 1 16 22 47 31 1 36 20 1 2 8 23 42 23 59 20 31 16 60 45 10 31 3 25 23 26 1 20 1 85 1 29 1 24 17
334 320 227 351 241 283 214 327 338 353 401 343 325 308 247 179 216 368 295 418 324 230 215 316 324 234 322 279 195 308 297 181 236 292 279 214 247 440 392 264 501 339 362 464 315 230 332 323 200 264 261 211 190 241 240 247 358 195 206 165 333 326 228 205 307 252 322 382 257 155 222 318 234 288 287 407 137 317 392 217 375 60 375 280 249 289 297 287 374 228 234 174 175 345 315 259
52 887 9883
69 73 48 15 15 44 50 30 55 30 55 24 11 41 38 16 45 41 71 11 84 32 33 33 53 68 45 45 74 44 41 23 4 29 50 57 49 27 43 61 50 37 35 47 23 60 49 45 45 60 61 39
434 503 550 506 455 438 309 483 443 503 459 503 422 508 448 544 372 475 458 470 509 498 574 406 463 384 465 596 446 435 454 498 531 385 617 546 510 501 397 427 520 506 487 462 427 523 525 519 400 443 457 531
86 517 5612
9 1 3 20 1 32 57 1 1 55 1 8 5 10 34 30 34 56 26 1 1 16 1 18 12 5 46 9 28 1 41 7 1 35 24 26 25 8 10 20 1 5 1 34 10 9 10 55 1 16 1 17 9 34 1 1 9 17 24 26 3 28 75 37 1 26 25 32 15 10 33 16 7 74 1 38 3 1 45 17 3 42 56 14 35 35
193 113 81 235 253 118 209 326 201 194 175 352 248 190 243 271 230 236 155 89 296 184 256 155 261 86 223 108 323 215 343 217 271 182 243 209 171 217 187 98 141 120 228 353 314 149 125 143 267 252 161 169 305 171 255 267 187 113 181 234 297 178 171 184 275 236 192 259 190 334 176 302 367 97 307 263 308 353 80 293 282 215 208 99 325 342
71 614 9884
25 44 10 8 22 57 17 38 24 34 15 41 30 1 1 3 20 29 6 24 45 8 45 30 6 62 22 30 4 15 10 62 42 20 36 41 56 17 11 21 43 34 7 7 46 38 25 1 20 21 19 35 14 66 1 42 63 1 35 1 15 4 3 25 4 24 15 20 28 5 37
431 413 311 461 385 419 475 406 389 471 431 334 408 392 464 372 456 478 538 447 436 419 342 309 490 356 400 322 459 475 425 503 380 318 440 343 449 414 554 380 510 401 383 486 338 370 548 463 387 481 491 485 359 497 360 389 467 655 345 449 398 447 420 464 512 457 413 425 460 356 389
59 934 5518
26 29 17 55 29 52 23 32 32 90 21 48 58 24 32 51 42 59 55 13 34 16 54 21 23 24 70 50 67 17 37 33 19 47 61 43 55 57 51 46 58 20 8 14 26 23 35 76 41 26 19 11 62 25 31 37 35 36 65
238 487 280 331 248 247 278 212 241 328 185 298 207 253 299 193 215 389 238 277 218 277 206 177 259 263 211 280 227 212 319 276 202 187 313 287 345 328 214 255 197 343 191 220 149 276 205 144 306 254 201 219 227 341 262 268 254 285 212
27 954 6743
70 80 104 43 112 76 87 82 104 78 69 86 83 71 95 75 58 91 96 81 91 76 52 72 71 77 55
690 506 647 530 602 649 529 528 479 560 674 576 475 511 577 549 544 623 499 544 659 509 569 611 497 618 557
96 656 7243
10 26 31 26 24 30 36 1 50 11 3 60 38 20 20 7 16 3 1 10 16 18 26 18 1 8 6 50 5 1 35 65 44 10 44 37 21 3 21 7 12 1 43 2 1 78 40 1 23 39 4 39 5 1 23 17 1 30 23 6 32 5 45 17 8 1 24 53 1 17 24 1 32 42 10 6 45 3 1 50 1 1 44 1 40 17 49 3 17 12 39 1 33 1 36 1
162 366 223 228 157 265 319 300 340 266 198 280 194 212 430 314 292 319 287 456 515 462 290 133 279 233 269 125 321 329 163 481 282 278 294 145 312 292 395 288 249 299 36 212 373 291 227 250 57 333 324 296 196 340 375 206 245 102 369 314 323 162 395 231 360 400 217 259 321 236 241 373 298 278 145 378 243 449 408 353 249 385 215 210 304 312 224 273 214 421 313 331 287 209 191 490
11 668 8991
101 104 104 129 128 140 119 130 116 104 139
1570 1629 1605 1683 1591 1470 1485 1409 1774 1640 1524
37 665 7193
63 26 22 58 38 33 58 52 35 53 56 28 43 68 54 60 57 67 31 51 64 39 24 69 9 48 27 38 86 33 78 20 41 62 41 33 38
544 336 522 427 554 464 460 414 504 387 479 418 481 394 368 426 483 472 514 532 387 497 424 540 528 383 476 477 506 437 481 458 479 530 436 479 520
49 832 5791
52 29 36 52 43 33 77 56 43 71 14 54 23 57 42 62 52 28 14 8 33 31 54 29 52 70 52 25 57 1 60 37 27 57 28 34 16 3 43 74 22 73 41 30 46 41 43 49 26
408 306 416 350 288 286 364 311 254 354 243 363 360 255 175 344 240 235 355 261 325 346 287 290 329 277 278 328 316 326 360 282 268 330 246 364 295 288 346 332 394 293 277 217 206 201 287 281 412
47 991 7812
60 34 26 65 63 52 48 38 42 29 49 52 29 40 50 64 63 61 63 55 18 60 74 48 23 42 53 41 52 55 50 45 52 44 61 55 46 65 40 58 66 56 60 38 44 52 52
375 345 341 390 422 313 356 413 330 302 490 338 303 371 329 332 404 361 398 365 396 397 343 361 484 401 361 358 309 371 362 353 351 386 363 420 391 267 282 387 366 359 347 305 425 367 279
47 697 8815
60 25 29 49 29 46 25 81 17 40 44 69 12 53 51 45 20 40 35 42 14 33 1 41 45 48 22 8 29 25 16 38 59 40 56 28 65 1 52 1 66 73 8 28 34 20 36
449 453 538 423 659 597 525 504 629 469 476 642 545 450 653 585 581 663 397 602 409 445 600 499 482 443 509 550 516 654 480 509 514 440 622 675 472 460 638 417 606 583 442 464 581 675 628
5 596 6133
199 183 220 222 206
2134 2130 2095 2343 1899
33 961 6034
68 65 38 58 72 77 67 80 89 59 86 84 48 58 59 97 63 87 48 83 65 50 72 87 64 83 50 58 80 19 77 74 75
356 367 376 404 359 349 358 414 364 479 415 430 392 393 437 407 394 499 320 384 369 426 393 460 455 406 402 329 427 392 413 481 460
78 511 7034
1 26 67 18 13 21 1 45 5 18 1 3 22 66 26 30 13 7 4 8 17 20 1 13 8 1 35 1 44 6 7 28 17 27 27 40 28 12 52 1 62 1 8 18 6 10 3 26 1 1 5 15 6 27 74 44 18 8 24 44 53 25 1 39 45 38 1 1 24 43 31 18 17 1 32 1 20 29
219 313 270 267 336 218 424 334 246 201 277 171 207 175 351 314 162 316 254 413 357 85 288 253 334 280 278 270 235 344 461 202 267 216 283 352 291 193 320 274 310 228 296 310 156 165 158 238 288 288 327 229 236 241 275 275 350 177 264 258 245 435 321 321 331 220 210 212 231 277 228 359 249 161 273 320 241 272
100 1000 10000
59 26 28 24 21 16 34 32 25 2 11 28 40 38 28 13 17 41 19 35 21 21 36 40 24 1 61 23 44 22 40 12 9 1 31 82 21 20 19 45 42 18 16 42 18 54 15 29 9 11 52 83 29 57 18 10 44 9 27 45 14 8 29 37 27 28 1 27 10 24 1 41 38 36 28 42 28 49 6 25 19 1 21 45 26 27 15 19 8 38 28 50 45 1 22 32 29 30 6 21
226 180 404 266 239 309 290 237 305 259 348 262 369 354 255 261 242 326 389 308 190 272 247 127 435 361 325 350 261 261 311 334 360 217 186 179 165 173 356 306 295 218 112 204 365 329 313 190 258 290 255 278 347 166 190 239 258 377 251 279 285 273 122 131 327 348 296 311 416 283 239 301 359 252 236 243 361 308 405 269 265 315 341 220 292 188 221 325 309 323 407 257 286 311 299 331 255 309 267 217
100 1000 10000
23 31 9 10 19 53 35 48 4 32 60 19 18 21 34 48 39 40 1 10 10 36 45 19 1 66 75 48 21 45 18 43 1 27 25 60 31 4 41 64 24 2 27 76 5 52 64 16 26 6 1 29 10 50 5 28 28 19 24 1 52 8 19 83 19 29 10 10 30 64 4 37 2 53 43 67 16 4 10 57 27 24 48 16 21 6 10 32 28 1 38 8 6 10 40 27 1 12 34 38
346 383 412 338 279 316 339 209 379 268 360 334 275 304 330 469 287 239 329 405 203 146 386 123 239 289 242 323 364 359 298 245 323 288 218 363 332 289 300 284 365 245 411 397 403 338 321 256 438 356 345 410 191 361 265 464 288 256 352 423 235 394 340 234 263 384 185 214 359 358 352 290 474 318 287 366 360 365 316 287 406 253 345 370 372 368 280 375 225 298 262 352 346 473 438 377 341 229 366 308
100 1000 10000
35 56 39 32 32 13 1 50 52 22 40 1 30 8 43 2 25 25 42 50 34 33 31 51 9 10 32 37 1 23 42 4 49 24 25 51 1 18 29 30 1 29 31 15 1 44 1 41 22 1 63 50 15 1 1 6 36 31 17 34 1 76 19 50 5 26 5 27 47 1 25 32 3 32 51 23 33 20 63 64 33 13 29 13 26 1 60 19 4 23 38 15 19 28 27 38 38 34 20 40
269 397 313 292 415 414 293 203 255 328 243 489 447 340 284 307 296 260 263 233 279 384 296 353 364 298 179 306 337 283 337 319 261 453 213 357 340 257 253 336 292 320 343 353 247 302 248 237 203 176 271 306 252 251 387 136 316 263 359 214 241 310 284 236 260 219 213 308 232 224 414 250 271 122 329 316 282 227 363 224 241 254 218 305 300 307 245 466 286 272 199 263 354 340 362 324 404 342 338 228
100 1000 10000
23 20 36 23 3 32 42 29 6 23 41 28 19 34 40 8 2 9 6 38 23 48 36 4 10 16 1 19 10 26 26 41 41 44 1 69 59 7 18 89 31 68 39 15 1 41 19 40 32 15 15 1 5 53 28 38 29 39 19 47 9 8 31 2 42 36 9 1 36 25 4 6 26 32 49 20 29 34 1 45 21 47 46 19 30 23 27 15 27 7 47 27 23 1 29 25 20 9 18 11
418 413 461 242 373 251 309 349 228 199 259 328 339 363 426 337 344 271 292 359 310 363 275 320 289 220 339 406 329 452 386 271 337 446 318 282 282 325 274 176 293 296 239 233 300 352 323 252 221 179 266 300 354 339 197 301 351 332 359 211 390 240 343 268 356 392 342 306 231 258 268 289 298 454 278 304 280 282 469 291 164 238 378 393 207 300 319 231 320 304 271 439 304 295 283 425 251 273 261 395
100 1000 10000
44 10 19 19 37 39 5 8 41 12 1 42 33 31 13 22 63 19 18 24 33 33 36 5 31 49 31 31 1 47 58 31 40 61 28 1 40 25 55 30 34 1 46 60 10 15 6 32 58 19 35 44 23 6 45 17 5 26 20 12 19 51 54 40 22 37 5 29 29 7 26 41 20 25 29 18 1 18 45 16 1 40 26 42 22 20 20 32 13 30 9 19 26 9 30 56 28 46 16 1
400 248 310 375 342 321 301 225 270 245 273 296 316 252 461 257 364 351 167 272 190 244 119 269 247 243 282 339 313 199 302 158 296 407 469 371 362 386 339 191 159 294 438 218 334 305 291 157 183 184 267 304 271 293 218 142 319 201 64 273 368 202 309 252 242 257 259 339 300 262 273 240 341 246 76 239 263 188 328 155 318 292 332 157 179 123 357 233 252 227 237 265 329 216 236 340 256 269 132 238
100 1000 10000
33 36 24 3 10 35 24 73 24 1 22 17 37 38 57 54 51 53 68 32 1 72 5 1 59 32 1 33 32 47 56 17 16 41 23 19 30 56 47 18 35 46 32 45 39 35 19 45 52 1 41 1 15 13 85 16 17 19 50 32 33 39 28 60 38 44 9 39 4 10 29 18 23 28 1 27 22 19 12 42 6 1 6 1 45 16 6 31 1 19 8 1 48 17 19 8 35 49 15 13
336 315 180 316 300 324 354 330 410 277 268 217 190 262 194 301 223 388 253 243 367 329 272 344 308 347 317 384 414 253 249 402 289 180 333 262 338 160 342 299 271 422 386 278 229 329 304 443 358 171 281 411 346 289 241 324 344 267 243 395 376 303 466 245 368 194 232 145 232 232 191 275 285 341 373 271 340 283 277 305 248 360 184 218 291 288 279 232 258 260 274 376 337 288 450 315 479 269 307 265
100 1000 10000
27 33 19 1 2 37 8 21 37 3 49 44 1 23 3 25 47 33 9 20 27 17 1 8 19 6 1 38 7 26 47 19 64 32 35 2 41 24 29 24 64 52 33 36 31 31 52 22 41 12 31 34 1 33 43 34 39 20 31 55 4 48 37 15 9 37 16 32 64 22 50 8 33 27 38 22 26 38 22 21 15 12 27 23 1 21 18 60 14 36 3 70 46 22 10 20 10 4 39 32
294 227 388 309 295 288 216 339 280 348 413 169 306 310 279 240 334 294 274 306 216 294 263 282 319 251 216 269 291 231 168 284 229 285 387 299 405 300 238 252 238 283 327 257 216 295 365 284 232 218 243 222 296 289 329 226 298 295 312 480 263 115 295 303 269 143 218 279 246 334 240 257 228 236 257 303 289 95 302 306 359 355 419 382 361 389 199 318 315 476 218 358 311 318 351 257 257 426 344 228
100 1000 10000
19 47 21 1 46 1 33 29 1 24 59 20 1 49 15 43 46 46 18 1 35 13 24 51 33 39 38 37 26 23 4 1 2 59 16 24 1 1 24 1 20 27 29 31 5 13 36 1 16 20 43 40 20 28 16 41 19 36 1 15 31 12 43 4 43 19 24 57 33 11 14 46 27 45 40 27 3 28 36 42 60 19 40 25 37 18 53 8 46 9 26 20 35 36 31 42 48 28 9 15
288 355 248 272 405 193 199 302 310 336 297 328 191 298 278 243 379 178 332 368 337 235 342 303 195 287 251 190 310 177 272 234 171 282 279 219 274 172 317 328 261 191 253 232 276 319 281 212 234 302 190 199 328 384 249 257 238 287 292 234 337 333 258 356 222 260 300 297 232 219 288 297 279 360 134 318 229 280 299 398 182 369 260 339 355 176 322 270 274 243 260 307 223 296 274 414 315 282 253 233
100 1000 10000
62 15 68 1 22 16 8 73 4 15 16 1 46 24 15 18 9 10 28 27 23 15 15 77 36 16 18 40 39 10 34 21 48 43 12 36 59 18 66 48 45 17 2 55 20 15 17 13 1 39 8 1 29 15 19 42 32 20 17 5 1 23 2 1 16 9 30 6 33 66 49 7 9 69 16 13 7 4 66 38 6 19 38 78 11 19 13 3 50 51 19 48 46 1 29 1 69 36 26 50
352 274 293 430 277 311 351 518 321 398 297 358 302 380 318 454 380 436 294 285 273 460 247 273 409 457 331 393 312 372 309 417 258 416 283 424 507 173 362 484 329 326 288 275 291 438 314 372 443 231 347 359 238 319 293 317 197 392 395 206 259 259 353 394 292 379 237 410 419 456 312 289 366 283 322 374 341 283 378 280 412 381 292 350 457 242 239 483 349 441 290 484 343 361 290 281 313 387 397 338
100 1000 10000
23 68 55 34 50 14 25 23 10 36 67 47 36 25 45 22 20 36 12 13 47 47 1 13 48 24 1 39 16 6 8 32 32 23 44 41 21 14 34 29 13 1 34 47 32 37 42 26 32 39 35 51 14 37 8 55 44 17 50 24 34 10 45 27 47 4 22 51 7 24 52 21 20 23 26 51 16 11 39 45 7 26 20 8 21 26 28 28 35 26 32 17 42 28 25 27 1 26 31 9
169 244 349 200 315 267 195 253 310 262 245 264 242 281 203 210 272 165 329 371 213 280 399 239 383 279 187 235 156 321 286 72 245 249 225 353 297 265 130 268 217 241 189 263 304 162 276 343 208 347 202 289 234 187 276 234 299 219 219 211 267 172 187 205 242 205 240 172 209 265 368 302 193 303 306 250 256 165 261 233 200 165 307 157 231 306 151 226 185 267 299 288 215 230 243 284 260 165 363 267
100 1000 10000
19 17 34 42 13 26 13 2 36 33 57 43 48 22 5 17 1 37 22 12 54 30 23 16 38 29 36 48 28 63 25 2 18 68 40 6 54 14 17 35 43 16 25 55 11 1 2 15 36 33 22 1 24 11 18 56 22 27 14 8 30 46 1 35 18 38 45 41 49 23 27 41 1 23 48 42 53 38 1 1 6 49 34 37 14 10 45 4 16 33 52 54 18 37 36 1 28 20 28 69
332 183 220 234 298 309 199 147 266 65 257 289 220 243 313 241 446 303 295 426 206 359 391 361 310 351 329 261 255 205 226 234 193 315 246 268 281 287 342 259 361 393 448 220 270 317 273 212 290 280 361 232 211 286 352 183 219 163 246 231 135 359 329 230 189 164 392 412 287 298 306 317 386 119 386 167 352 319 279 306 232 320 338 261 250 294 286 255 302 210 274 316 288 198 236 231 450 323 283 157
100 1000 10000
77 26 30 21 32 19 33 57 37 39 48 24 35 1 16 2 15 54 24 38 35 22 30 67 10 22 21 2 8 30 20 27 37 31 61 56 1 22 42 4 82 42 5 65 24 38 15 32 1 13 39 9 2 42 3 1 26 9 51 41 34 7 19 25 30 1 25 24 10 20 14 58 32 1 4 30 49 29 50 1 1 20 14 17 52 1 38 42 24 21 26 10 22 55 1 6 41 30 29 59
335 253 220 366 379 425 346 388 219 351 353 283 296 316 491 384 316 352 223 294 358 460 292 437 340 173 204 214 202 257 293 322 248 274 208 325 389 251 344 235 328 377 270 360 394 345 323 238 291 278 238 245 280 238 292 193 245 161 227 262 393 302 475 86 300 231 340 234 292 306 296 162 186 318 303 253 293 259 269 348 295 403 195 294 332 326 280 367 306 286 337 234 328 255 198 266 307 231 220 299
100 1000 10000
25 37 56 7 12 7 17 1 26 39 51 24 51 66 61 46 66 7 23 73 29 72 15 2 34 49 59 81 1 1 12 31 10 8 9 29 67 10 28 30 27 57 7 8 42 32 20 21 17 3 51 33 22 6 49 31 1 13 32 1 25 24 57 10 5 73 19 83 6 21 1 24 28 42 20 7 1 65 62 40 27 5 23 1 30 43 28 66 23 10 24 27 18 70 63 1 27 7 1 44
456 271 330 392 282 330 148 359 231 347 341 355 285 433 422 379 375 333 326 304 345 326 305 406 368 248 283 249 248 320 285 395 210 461 433 412 157 351 284 382 301 284 309 346 415 341 296 122 316 440 324 338 211 326 332 310 336 439 551 468 297 277 271 293 306 280 456 169 220 159 360 287 278 287 472 395 340 341 345 265 416 384 320 325 274 371 431 272 298 302 383 463 377 281 291 334 244 509 368 292
100 1000 10000
23 1 27 24 29 58 47 30 7 18 23 22 36 48 47 6 30 38 28 27 24 25 36 1 32 59 32 2 23 2 7 16 15 35 7 42 49 1 1 45 48 16 25 67 6 9 7 66 12 11 5 21 32 32 16 34 24 44 1 1 1 25 7 50 20 14 12 30 25 62 28 44 36 34 64 35 21 15 50 3 55 14 1 39 21 57 21 22 37 52 71 6 9 32 23 27 7 12 29 60
215 258 433 426 311 330 269 365 285 247 356 309 228 186 307 341 372 289 309 423 330 295 309 270 269 265 221 376 232 294 313 282 286 226 250 281 220 295 378 335 309 156 240 341 205 161 290 315 229 294 285 280 274 458 412 245 355 305 261 358 299 218 260 250 376 337 329 286 359 220 258 261 263 233 280 267 352 324 306 209 358 236 279 461 308 436 290 212 368 324 377 257 354 431 347 390 309 220 446 364
100 1000 10000
3 18 25 9 20 29 15 32 1 37 59 1 59 47 18 13 69 52 1 25 74 19 8 47 9 1 31 1 8 23 10 51 59 14 1 22 8 19 11 1 31 53 67 22 24 42 21 22 8 26 46 24 42 55 19 49 58 1 34 1 28 70 31 66 16 15 32 1 38 6 32 30 77 36 17 15 19 25 1 41 28 2 70 1 44 52 28 6 10 19 46 27 7 28 35 51 12 33 32 18
321 207 350 325 344 415 380 314 334 272 351 393 213 207 350 341 278 332 361 174 441 385 325 274 276 260 118 480 227 340 331 380 303 127 388 398 406 339 228 321 324 400 323 247 366 204 368 345 275 270 263 468 421 295 221 412 374 243 280 354 340 329 388 409 414 182 482 262 224 305 360 382 252 366 196 407 316 384 382 381 207 341 393 425 243 293 258 202 366 418 388 94 298 625 323 137 506 266 398 390
100 1000 10000
51 21 51 1 31 48 4 3 13 8 41 26 1 21 10 1 28 17 25 36 23 1 20 32 2 44 21 18 3 25 34 35 64 23 38 21 31 38 33 40 1 40 36 29 17 59 36 30 11 31 9 25 18 20 29 19 22 15 22 38 20 18 32 28 17 22 1 1 18 52 22 15 29 1 16 32 14 61 27 25 31 1 15 55 32 12 19 35 55 39 41 45 3 43 17 61 7 33 49 37
258 324 295 282 222 279 478 167 321 303 274 319 285 370 357 244 299 320 387 258 173 160 273 287 339 167 374 379 415 238 257 299 299 227 266 278 242 251 210 276 254 367 321 234 268 193 316 191 251 271 247 272 306 205 299 337 255 190 225 422 339 299 246 253 201 309 366 230 294 301 275 333 269 379 267 277 330 309 158 288 271 177 237 327 306 353 299 324 204 388 318 282 230 290 376 275 319 284 270 242
100 1000 10000
13 20 20 32 48 24 25 36 18 1 64 22 9 1 33 51 36 60 50 1 65 38 31 35 1 24 47 65 34 6 12 8 35 5 6 66 24 1 8 3 28 24 68 8 24 37 61 38 23 1 36 53 15 1 23 24 33 6 25 41 48 30 3 15 42 44 71 22 21 15 14 17 40 64 6 1 49 2 45 44 8 28 9 17 14 31 32 2 40 55 17 24 8 62 1 44 23 56 34 26
342 277 263 299 331 311 337 284 273 280 267 357 171 388 308 336 410 411 311 329 233 378 184 352 299 307 403 351 240 318 264 264 213 454 224 232 383 199 350 192 204 247 264 401 370 308 269 410 391 397 386 454 638 235 254 389 243 295 197 236 299 220 260 258 383 228 259 371 311 300 205 334 217 284 229 340 285 73 280 390 286 263 465 238 284 209 291 285 343 261 333 244 341 425 424 426 320 371 241 182
100 1000 10000
31 21 1 3 23 55 52 83 69 24 21 10 1 16 17 27 63 38 1 11 28 27 1 70 57 2 37 10 22 45 31 5 71 19 55 20 21 15 10 4 52 31 9 9 37 27 83 18 6 1 20 55 3 34 9 69 29 33 65 34 24 1 61 28 64 37 35 1 1 54 1 1 6 81 31 1 13 24 1 30 41 7 5 17 23 2 1 1 43 13 48 1 44 57 3 24 40 33 37 24
350 378 290 391 344 292 321 405 367 363 270 390 299 216 344 451 321 340 424 442 370 370 288 191 435 268 310 375 366 376 330 358 599 396 340 275 382 378 264 320 500 349 433 434 337 563 186 333 410 585 537 425 312 374 198 299 390 303 472 291 483 253 404 313 239 361 297 417 428 253 433 312 415 228 372 381 218 159 498 335 348 378 541 255 310 427 307 337 439 533 192 314 380 316 254 365 308 460 373 501
100 1000 10000
18 1 40 22 37 40 22 11 1 39 1 35 8 39 31 47 5 48 30 40 32 48 21 25 6 65 25 3 67 31 11 21 37 45 27 30 44 41 36 31 32 31 1 15 3 40 51 25 8 13 15 42 57 19 24 21 53 26 28 13 41 98 1 35 26 28 9 28 21 13 46 66 73 10 1 17 14 27 31 18 37 11 45 3 22 9 23 11 19 1 1 24 51 50 48 1 17 24 17 30
434 319 270 331 226 375 267 257 257 367 278 321 233 328 300 496 214 240 297 310 384 215 316 490 353 219 176 355 281 290 303 335 142 287 321 187 409 211 337 299 203 236 218 282 284 311 199 364 398 324 379 333 177 242 234 248 65 221 457 329 306 444 414 311 302 289 317 336 212 449 246 209 318 354 209 332 268 215 418 326 444 320 178 355 274 357 410 221 327 441 216 239 299 253 481 305 230 285 362 176
100 1000 10000
25 20 38 33 14 21 11 1 30 1 14 51 16 15 39 49 49 43 43 21 12 19 61 39 42 49 54 17 52 14 27 33 22 32 4 20 27 7 31 29 31 16 32 30 12 1 15 12 35 44 43 40 16 32 25 37 23 21 2 28 14 41 56 33 8 24 38 28 20 15 21 33 16 18 36 31 1 14 25 27 32 38 12 38 1 23 40 31 30 16 40 27 1 30 26 40 20 9 33 10
308 311 283 262 282 165 209 331 186 353 273 271 226 258 258 256 245 357 391 274 316 276 233 215 236 275 246 197 384 199 291 259 194 347 342 247 219 297 295 271 227 232 226 158 267 195 83 353 249 260 241 310 217 287 310 72 292 235 313 274 238 257 295 169 251 222 355 238 415 321 211 202 328 401 276 229 244 137 238 290 257 267 330 325 284 195 258 271 304 316 293 335 210 450 437 241 299 343 331 240
100 1000 10000
17 17 37 25 34 20 20 9 32 1 43 1 28 39 18 29 27 17 4 10 20 45 43 31 8 25 16 14 14 41 73 33 38 29 17 37 1 56 10 29 24 19 28 5 45 33 5 50 17 28 58 52 46 2 1 26 45 28 35 47 15 35 1 34 37 9 19 40 4 12 58 23 44 44 1 33 33 59 24 42 18 32 11 26 63 37 18 32 38 35 38 45 1 6 21 23 41 43 22 40
289 250 343 244 261 395 255 315 300 267 223 246 266 257 250 267 164 376 181 267 244 339 230 213 288 245 154 226 312 332 248 319 243 311 269 303 345 306 387 397 222 306 262 244 220 218 204 298 300 348 388 183 194 296 160 248 220 400 201 286 378 311 317 294 279 181 245 205 141 247 244 305 195 244 285 210 224 186 187 277 278 331 275 191 170 225 343 278 309 383 305 256 339 378 253 276 318 274 226 358
100 1000 10000
50 1 23 47 2 12 13 74 41 20 36 26 31 1 55 7 46 30 43 40 25 22 23 1 30 34 28 76 47 4 16 76 62 23 68 5 49 30 31 32 25 11 1 1 31 2 56 4 1 32 18 64 16 36 18 37 53 7 37 23 20 46 39 11 13 9 43 1 37 15 31 1 31 25 43 1 23 15 27 53 1 5 40 10 54 22 32 19 25 23 27 23 53 35 36 1 46 8 44 5
220 209 332 340 212 365 326 287 323 369 107 187 308 335 353 264 232 396 367 322 282 394 292 300 310 374 137 300 251 290 186 320 325 398 312 203 218 210 390 315 323 330 247 369 404 315 285 436 305 362 392 386 328 404 252 269 446 310 409 279 283 373 259 310 285 400 273 432 380 294 335 335 290 210 315 337 216 427 288 300 352 282 280 277 300 462 204 393 429 249 267 313 302 256 250 569 179 335 294 478
100 1000 10000
16 70 13 49 55 1 60 1 20 33 16 23 11 1 5 32 35 62 1 75 12 9 7 1 41 10 22 56 25 2 19 1 15 60 15 12 24 1 20 33 38 52 25 23 4 10 1 5 28 35 31 61 36 23 85 57 23 8 8 46 1 1 20 13 9 54 53 40 1 45 52 41 16 1 19 56 34 73 61 1 31 30 10 23 48 40 58 34 4 1 43 1 17 23 1 14 19 64 22 61
262 412 529 236 484 513 373 519 272 356 365 421 187 503 440 274 346 270 273 448 273 200 428 334 250 331 341 292 589 352 261 319 359 358 464 401 306 439 344 450 430 491 389 431 412 364 390 267 263 352 339 423 349 235 401 388 437 316 365 428 408 333 395 519 376 234 472 160 411 269 321 417 349 322 491 431 275 195 240 322 277 393 363 275 340 474 529 158 504 277 288 388 191 280 309 277 335 116 429 449
100 1000 10000
53 21 13 23 34 43 62 8 1 8 1 50 8 24 29 29 44 37 21 19 34 9 1 42 41 20 71 37 59 42 16 16 19 34 7 21 41 19 9 13 34 1 28 52 19 15 45 1 29 11 49 22 47 63 23 29 1 34 51 1 25 13 8 1 22 22 44 51 14 13 11 1 23 6 26 18 14 1 39 29 1 20 41 35 26 1 71 2 24 54 32 21 17 39 16 57 24 16 46 10
394 358 335 327 487 374 236 321 299 314 278 364 371 317 258 190 233 553 387 249 315 209 388 387 344 356 370 291 306 408 257 289 311 403 294 391 343 299 270 245 290 349 319 178 315 281 282 363 297 359 246 334 207 343 370 217 248 244 302 272 328 188 287 262 329 355 335 332 297 44 283 240 367 416 279 262 273 249 314 452 441 266 288 282 196 356 382 365 292 355 201 274 268 260 199 285 419 340 286 331
100 1000 10000
10 29 40 2 16 11 1 62 35 33 19 54 39 34 42 63 16 42 1 56 25 13 40 17 27 21 26 34 1 1 24 13 9 27 33 43 18 48 33 29 19 15 25 15 3 36 21 24 42 32 37 48 48 19 47 33 10 2 37 42 19 18 17 31 10 22 50 53 52 17 43 9 46 34 61 30 12 18 24 7 29 30 35 11 98 49 18 37 18 3 52 19 19 44 13 8 32 53 31 7
396 274 316 323 383 270 229 200 276 236 247 339 367 162 226 211 332 288 349 217 202 280 334 296 316 198 237 346 234 334 255 292 343 250 273 191 302 239 256 373 330 338 218 360 215 313 272 222 221 246 205 396 276 154 270 327 216 274 234 238 243 336 244 296 274 321 241 241 326 242 274 339 298 308 348 243 282 196 226 267 346 219 195 247 123 258 342 267 178 208 275 207 330 295 285 389 293 286 177 302
